Client : hello Server
Order(1607309626963,54,ZoomPšáîÿ,10.5,10.5,3,1)
Order(1607309628964,54,ZoomPšáîÿ,10.5,10.5,3,1)
Order(1607309630965,54,ZoomPšáîÿ,10.5,10.5,3,1)
Order(1607309632966,54,ZoomPšáîÿ,10.5,10.5,3,1)
Order(1607309634967,54,ZoomPšáîÿ,10.5,10.5,3,1)
Order(1607309636968,54,ZoomPšáîÿ,10.5,10.5,3,1)
Order(1607309638969,54,ZoomPšáîÿ,10.5,10.5,3,1)
Order(1607309640970,54,ZoomPšáîÿ,10.5,10.5,3,1)
Order(1607309642971,54,ZoomPšáîÿ,10.5,10.5,3,1)
Order(1607309644972,54,ZoomPšáîÿ,10.5,10.5,3,1)
Order(1607309646973,54,ZoomPšáîÿ,10.5,10.5,3,1)
Order(1607309648974,54,ZoomPšáîÿ,10.5,10.5,3,1)
Order(1607309650974,54,ZoomPšáîÿ,10.5,10.5,3,1)
Order(1607309652975,54,ZoomPšáîÿ,10.5,10.5,3,1)
Order(1607309654976,54,ZoomPšáîÿ,10.5,10.5,3,1)
Order(1607309656977,54,ZoomPšáîÿ,10.5,10.5,3,1)
Order(1607309658978,54,ZoomPšáîÿ,10.5,10.5,3,1)
Order(1607309660979,54,ZoomPšáîÿ,10.5,10.5,3,1)
Order(1607309662980,54,ZoomPšáîÿ,10.5,10.5,3,1)
Order(1607309664981,54,ZoomPšáîÿ,10.5,10.5,3,1)
Order(1607309666982,54,ZoomPšáîÿ,10.5,10.5,3,1)
Order(1607309668988,54,ZoomPšáîÿ,10.5,10.5,3,1)
Order(1607309670989,54,ZoomPšáîÿ,10.5,10.5,3,1)
Order(1607309672990,54,ZoomPšáîÿ,10.5,10.5,3,1)
Order(1607309674991,54,ZoomPšáîÿ,10.5,10.5,3,1)
Order(1607309676992,54,ZoomPšáîÿ,10.5,10.5,3,1)
Order(1607309678993,54,ZoomPšáîÿ,10.5,10.5,3,1)
Order(1607309680994,54,ZoomPšáîÿ,10.5,10.5,3,1)
Order(1607309682995,54,ZoomPšáîÿ,10.5,10.5,3,1)
Order(1607309684996,54,ZoomPšáîÿ,10.5,10.5,3,1)
Order(1607309686997,54,ZoomPšáîÿ,10.5,10.5,3,1)
Order(1607309688998,54,ZoomPšáîÿ,10.5,10.5,3,1)
Order(1607309690999,54,ZoomPšáîÿ,10.5,10.5,3,1)
Order(1607309693000,54,ZoomPšáîÿ,10.5,10.5,3,1)
Order(1607309695001,54,ZoomPšáîÿ,10.5,10.5,3,1)
Order(1607309697002,54,ZoomPšáîÿ,10.5,10.5,3,1)
Order(1607309699003,54,ZoomPšáîÿ,10.5,10.5,3,1)
Order(1607309701004,54,ZoomPšáîÿ,10.5,10.5,3,1)
Order(1607309703005,54,ZoomPšáîÿ,10.5,10.5,3,1)
Order(1607309705006,54,ZoomPšáîÿ,10.5,10.5,3,1)
Order(1607309707007,54,ZoomPšáîÿ,10.5,10.5,3,1)
Order(1607309709008,54,ZoomPšáîÿ,10.5,10.5,3,1)
Order(1607309711009,54,ZoomPšáîÿ,10.5,10.5,3,1)
Order(1607309713010,54,ZoomPšáîÿ,10.5,10.5,3,1)
Order(1607309715011,54,ZoomPšáîÿ,10.5,10.5,3,1)
Order(1607309717012,54,ZoomPšáîÿ,10.5,10.5,3,1)
Order(1607309719013,54,ZoomPšáîÿ,10.5,10.5,3,1)
Order(1607309721014,54,ZoomPšáîÿ,10.5,10.5,3,1)
Order(1607309723015,54,ZoomPšáîÿ,10.5,10.5,3,1)
Order(1607309725016,54,ZoomPšáîÿ,10.5,10.5,3,1)
Order(1607309727017,54,ZoomPšáîÿ,10.5,10.5,3,1)
Order(1607309729018,54,ZoomPšáîÿ,10.5,10.5,3,1)
Order(1607309731019,54,ZoomPšáîÿ,10.5,10.5,3,1)
Order(1607309733020,54,ZoomPšáîÿ,10.5,10.5,3,1)
Order(1607309735021,54,ZoomPšáîÿ,10.5,10.5,3,1)
Order(1607309737022,54,ZoomPšáîÿ,10.5,10.5,3,1)
Order(1607309739023,54,ZoomPšáîÿ,10.5,10.5,3,1)
Order(1607309741024,54,ZoomPšáîÿ,10.5,10.5,3,1)
Order(1607309743025,54,ZoomPšáîÿ,10.5,10.5,3,1)
Order(1607309745026,54,ZoomPšáîÿ,10.5,10.5,3,1)
Order(1607309747027,54,ZoomPšáîÿ,10.5,10.5,3,1)
Order(1607309749028,54,ZoomPšáîÿ,10.5,10.5,3,1)
Order(1607309751029,54,ZoomPšáîÿ,10.5,10.5,3,1)
Order(1607309753030,54,ZoomPšáîÿ,10.5,10.5,3,1)
Order(1607309755031,54,ZoomPšáîÿ,10.5,10.5,3,1)
Order(1607309757032,54,ZoomPšáîÿ,10.5,10.5,3,1)
Order(1607309759033,54,ZoomPšáîÿ,10.5,10.5,3,1)
Order(1607309761034,54,ZoomPšáîÿ,10.5,10.5,3,1)
Order(1607309763035,54,ZoomPšáîÿ,10.5,10.5,3,1)
Order(1607309765036,54,ZoomPšáîÿ,10.5,10.5,3,1)
Order(1607309767036,54,ZoomPšáîÿ,10.5,10.5,3,1)
Order(1607309769037,54,ZoomPšáîÿ,10.5,10.5,3,1)
Order(1607309771038,54,ZoomPšáîÿ,10.5,10.5,3,1)
Order(1607309773039,54,ZoomPšáîÿ,10.5,10.5,3,1)
Order(1607309775040,54,ZoomPšáîÿ,10.5,10.5,3,1)
Order(1607309777041,54,ZoomPšáîÿ,10.5,10.5,3,1)
Order(1607309779042,54,ZoomPšáîÿ,10.5,10.5,3,1)
Order(1607309781044,54,ZoomPšáîÿ,10.5,10.5,3,1)
Order(1607309783044,54,ZoomPšáîÿ,10.5,10.5,3,1)
Order(1607309785045,54,ZoomPšáîÿ,10.5,10.5,3,1)
Order(1607309787046,54,ZoomPšáîÿ,10.5,10.5,3,1)
Order(1607309789047,54,ZoomPšáîÿ,10.5,10.5,3,1)
Order(1607309791048,54,ZoomPšáîÿ,10.5,10.5,3,1)
Order(1607309793049,54,ZoomPšáîÿ,10.5,10.5,3,1)
Order(1607309795050,54,ZoomPšáîÿ,10.5,10.5,3,1)
Order(1607309797051,54,ZoomPšáîÿ,10.5,10.5,3,1)
Order(1607309799053,54,ZoomPšáîÿ,10.5,10.5,3,1)
Order(1607309801053,54,ZoomPšáîÿ,10.5,10.5,3,1)
Order(1607309803054,54,ZoomPšáîÿ,10.5,10.5,3,1)
Order(1607309805055,54,ZoomPšáîÿ,10.5,10.5,3,1)
Order(1607309807056,54,ZoomPšáîÿ,10.5,10.5,3,1)
Order(1607309809058,54,ZoomPšáîÿ,10.5,10.5,3,1)
Order(1607309811058,54,ZoomPšáîÿ,10.5,10.5,3,1)
Order(1607309813059,54,ZoomPšáîÿ,10.5,10.5,3,1)
Order(1607309815060,54,ZoomPšáîÿ,10.5,10.5,3,1)
Order(1607309817062,54,ZoomPšáîÿ,10.5,10.5,3,1)
Order(1607309819062,54,ZoomPšáîÿ,10.5,10.5,3,1)
Order(1607309821063,54,ZoomPšáîÿ,10.5,10.5,3,1)
Order(1607309823064,54,ZoomPšáîÿ,10.5,10.5,3,1)
Order(1607309825065,54,ZoomPšáîÿ,10.5,10.5,3,1)
Order(1607309827066,54,ZoomPšáîÿ,10.5,10.5,3,1)
Order(1607309829067,54,ZoomPšáîÿ,10.5,10.5,3,1)
Order(1607309831068,54,ZoomPšáîÿ,10.5,10.5,3,1)
Order(1607309833069,54,ZoomPšáîÿ,10.5,10.5,3,1)
Order(1607309835070,54,ZoomPšáîÿ,10.5,10.5,3,1)
Order(1607309837071,54,ZoomPšáîÿ,10.5,10.5,3,1)
Order(1607309839072,54,ZoomPšáîÿ,10.5,10.5,3,1)
Order(1607309841073,54,ZoomPšáîÿ,10.5,10.5,3,1)
Order(1607309843074,54,ZoomPšáîÿ,10.5,10.5,3,1)
Order(1607309845075,54,ZoomPšáîÿ,10.5,10.5,3,1)
Order(1607309847076,54,ZoomPšáîÿ,10.5,10.5,3,1)
Order(1607309849077,54,ZoomPšáîÿ,10.5,10.5,3,1)
Order(1607309851078,54,ZoomPšáîÿ,10.5,10.5,3,1)
Order(1607309853079,54,ZoomPšáîÿ,10.5,10.5,3,1)
Order(1607309855080,54,ZoomPšáîÿ,10.5,10.5,3,1)
Order(1607309857081,54,ZoomPšáîÿ,10.5,10.5,3,1)
Order(1607309859082,54,ZoomPšáîÿ,10.5,10.5,3,1)
Order(1607309861083,54,ZoomPšáîÿ,10.5,10.5,3,1)
Order(1607309863084,54,ZoomPšáîÿ,10.5,10.5,3,1)
Order(1607309865085,54,ZoomPšáîÿ,10.5,10.5,3,1)
Order(1607309867086,54,ZoomPšáîÿ,10.5,10.5,3,1)
Order(1607309869087,54,ZoomPšáîÿ,10.5,10.5,3,1)
Order(1607309871088,54,ZoomPšáîÿ,10.5,10.5,3,1)
Order(1607309873089,54,ZoomPšáîÿ,10.5,10.5,3,1)
Order(1607309875090,54,ZoomPšáîÿ,10.5,10.5,3,1)
Order(1607309877091,54,ZoomPšáîÿ,10.5,10.5,3,1)
Order(1607309879092,54,ZoomPšáîÿ,10.5,10.5,3,1)
Order(1607309881093,54,ZoomPšáîÿ,10.5,10.5,3,1)
Order(1607309883094,54,ZoomPšáîÿ,10.5,10.5,3,1)
Order(1607309885095,54,ZoomPšáîÿ,10.5,10.5,3,1)
Order(1607309887096,54,ZoomPšáîÿ,10.5,10.5,3,1)
Order(1607309889097,54,ZoomPšáîÿ,10.5,10.5,3,1)
Order(1607309891098,54,ZoomPšáîÿ,10.5,10.5,3,1)
Order(1607309893099,54,ZoomPšáîÿ,10.5,10.5,3,1)
Order(1607309895100,54,ZoomPšáîÿ,10.5,10.5,3,1)
Order(1607309897101,54,ZoomPšáîÿ,10.5,10.5,3,1)
Order(1607309899102,54,ZoomPšáîÿ,10.5,10.5,3,1)
Order(1607309901103,54,ZoomPšáîÿ,10.5,10.5,3,1)
Order(1607309903104,54,ZoomPšáîÿ,10.5,10.5,3,1)
Order(1607309905105,54,ZoomPšáîÿ,10.5,10.5,3,1)
Order(1607309907106,54,ZoomPšáîÿ,10.5,10.5,3,1)
Order(1607309909107,54,ZoomPšáîÿ,10.5,10.5,3,1)
Order(1607309911108,54,ZoomPšáîÿ,10.5,10.5,3,1)
Order(1607309913109,54,ZoomPšáîÿ,10.5,10.5,3,1)
Order(1607309915110,54,ZoomPšáîÿ,10.5,10.5,3,1)
Order(1607309917111,54,ZoomPšáîÿ,10.5,10.5,3,1)
Order(1607309919112,54,ZoomPšáîÿ,10.5,10.5,3,1)
Order(1607309921113,54,ZoomPšáîÿ,10.5,10.5,3,1)
Order(1607309923114,54,ZoomPšáîÿ,10.5,10.5,3,1)
Order(1607309925115,54,ZoomPšáîÿ,10.5,10.5,3,1)
Order(1607309927116,54,ZoomPšáîÿ,10.5,10.5,3,1)
Order(1607309929117,54,ZoomPšáîÿ,10.5,10.5,3,1)
Order(1607309931118,54,ZoomPšáîÿ,10.5,10.5,3,1)
Order(1607309933119,54,ZoomPšáîÿ,10.5,10.5,3,1)
Order(1607309935120,54,ZoomPšáîÿ,10.5,10.5,3,1)
Order(1607309937121,54,ZoomPšáîÿ,10.5,10.5,3,1)
Order(1607309939122,54,ZoomPšáîÿ,10.5,10.5,3,1)
Order(1607309941123,54,ZoomPšáîÿ,10.5,10.5,3,1)
Order(1607309943124,54,ZoomPšáîÿ,10.5,10.5,3,1)
Order(1607309945125,54,ZoomPšáîÿ,10.5,10.5,3,1)
Order(1607309947126,54,ZoomPšáîÿ,10.5,10.5,3,1)
Order(1607309949127,54,ZoomPšáîÿ,10.5,10.5,3,1)
Order(1607309951128,54,ZoomPšáîÿ,10.5,10.5,3,1)
Order(1607309953129,54,ZoomPšáîÿ,10.5,10.5,3,1)
Order(1607309955130,54,ZoomPšáîÿ,10.5,10.5,3,1)
Order(1607309957131,54,ZoomPšáîÿ,10.5,10.5,3,1)
Order(1607309959132,54,ZoomPšáîÿ,10.5,10.5,3,1)
Order(1607309961133,54,ZoomPšáîÿ,10.5,10.5,3,1)
Order(1607309963134,54,ZoomPšáîÿ,10.5,10.5,3,1)
Order(1607309965135,54,ZoomPšáîÿ,10.5,10.5,3,1)
Order(1607309967136,54,ZoomPšáîÿ,10.5,10.5,3,1)
Order(1607309969137,54,ZoomPšáîÿ,10.5,10.5,3,1)
Order(1607309971138,54,ZoomPšáîÿ,10.5,10.5,3,1)
Order(1607309973139,54,ZoomPšáîÿ,10.5,10.5,3,1)
Order(1607309975140,54,ZoomPšáîÿ,10.5,10.5,3,1)
Order(1607309977141,54,ZoomPšáîÿ,10.5,10.5,3,1)
Order(1607309979142,54,ZoomPšáîÿ,10.5,10.5,3,1)
Order(1607309981143,54,ZoomPšáîÿ,10.5,10.5,3,1)
Order(1607309983144,54,ZoomPšáîÿ,10.5,10.5,3,1)
Order(1607309985145,54,ZoomPšáîÿ,10.5,10.5,3,1)
Order(1607309987146,54,ZoomPšáîÿ,10.5,10.5,3,1)
Order(1607309989147,54,ZoomPšáîÿ,10.5,10.5,3,1)
Order(1607309991148,54,ZoomPšáîÿ,10.5,10.5,3,1)
Order(1607309993149,54,ZoomPšáîÿ,10.5,10.5,3,1)
Order(1607309995150,54,ZoomPšáîÿ,10.5,10.5,3,1)
Order(1607309997151,54,ZoomPšáîÿ,10.5,10.5,3,1)
Order(1607309999152,54,ZoomPšáîÿ,10.5,10.5,3,1)
Order(1607310001153,54,ZoomPšáîÿ,10.5,10.5,3,1)
Order(1607310003154,54,ZoomPšáîÿ,10.5,10.5,3,1)
Order(1607310005155,54,ZoomPšáîÿ,10.5,10.5,3,1)
Order(1607310007156,54,ZoomPšáîÿ,10.5,10.5,3,1)
Order(1607310009157,54,ZoomPšáîÿ,10.5,10.5,3,1)
Order(1607310011158,54,ZoomPšáîÿ,10.5,10.5,3,1)
Order(1607310013159,54,ZoomPšáîÿ,10.5,10.5,3,1)
Order(1607310015160,54,ZoomPšáîÿ,10.5,10.5,3,1)
Order(1607310017161,54,ZoomPšáîÿ,10.5,10.5,3,1)
Order(1607310019161,54,ZoomPšáîÿ,10.5,10.5,3,1)
Order(1607310021162,54,ZoomPšáîÿ,10.5,10.5,3,1)
Order(1607310023163,54,ZoomPšáîÿ,10.5,10.5,3,1)
Order(1607310025164,54,ZoomPšáîÿ,10.5,10.5,3,1)
Order(1607310027165,54,ZoomPšáîÿ,10.5,10.5,3,1)
Order(1607310029166,54,ZoomPšáîÿ,10.5,10.5,3,1)
Order(1607310031167,54,ZoomPšáîÿ,10.5,10.5,3,1)
Order(1607310033168,54,ZoomPšáîÿ,10.5,10.5,3,1)
Order(1607310035169,54,ZoomPšáîÿ,10.5,10.5,3,1)
Order(1607310037170,54,ZoomPšáîÿ,10.5,10.5,3,1)
Order(1607310039171,54,ZoomPšáîÿ,10.5,10.5,3,1)
Order(1607310041172,54,ZoomPšáîÿ,10.5,10.5,3,1)
Order(1607310043173,54,ZoomPšáîÿ,10.5,10.5,3,1)
Order(1607310045174,54,ZoomPšáîÿ,10.5,10.5,3,1)
Order(1607310047175,54,ZoomPšáîÿ,10.5,10.5,3,1)
Order(1607310049176,54,ZoomPšáîÿ,10.5,10.5,3,1)
Order(1607310051177,54,ZoomPšáîÿ,10.5,10.5,3,1)
Order(1607310053178,54,ZoomPšáîÿ,10.5,10.5,3,1)
Order(1607310055179,54,ZoomPšáîÿ,10.5,10.5,3,1)
Order(1607310057180,54,ZoomPšáîÿ,10.5,10.5,3,1)
Order(1607310059181,54,ZoomPšáîÿ,10.5,10.5,3,1)
Order(1607310061182,54,ZoomPšáîÿ,10.5,10.5,3,1)
Order(1607310063183,54,ZoomPšáîÿ,10.5,10.5,3,1)
Order(1607310065184,54,ZoomPšáîÿ,10.5,10.5,3,1)
Order(1607310067185,54,ZoomPšáîÿ,10.5,10.5,3,1)
Order(1607310069186,54,ZoomPšáîÿ,10.5,10.5,3,1)
Order(1607310071187,54,ZoomPšáîÿ,10.5,10.5,3,1)
Order(1607310073188,54,ZoomPšáîÿ,10.5,10.5,3,1)
Order(1607310075189,54,ZoomPšáîÿ,10.5,10.5,3,1)
Order(1607310077190,54,ZoomPšáîÿ,10.5,10.5,3,1)
Order(1607310079191,54,ZoomPšáîÿ,10.5,10.5,3,1)
Order(1607310081192,54,ZoomPšáîÿ,10.5,10.5,3,1)
Order(1607310083193,54,ZoomPšáîÿ,10.5,10.5,3,1)
Order(1607310085194,54,ZoomPšáîÿ,10.5,10.5,3,1)
Order(1607310087195,54,ZoomPšáîÿ,10.5,10.5,3,1)
Order(1607310089196,54,ZoomPšáîÿ,10.5,10.5,3,1)
Order(1607310091197,54,ZoomPšáîÿ,10.5,10.5,3,1)
Order(1607310093198,54,ZoomPšáîÿ,10.5,10.5,3,1)
Order(1607310095199,54,ZoomPšáîÿ,10.5,10.5,3,1)
Order(1607310097200,54,ZoomPšáîÿ,10.5,10.5,3,1)
Order(1607310099201,54,ZoomPšáîÿ,10.5,10.5,3,1)
Order(1607310101202,54,ZoomPšáîÿ,10.5,10.5,3,1)
Order(1607310103203,54,ZoomPšáîÿ,10.5,10.5,3,1)
Order(1607310105204,54,ZoomPšáîÿ,10.5,10.5,3,1)
Order(1607310107205,54,ZoomPšáîÿ,10.5,10.5,3,1)
Order(1607310109206,54,ZoomPšáîÿ,10.5,10.5,3,1)
Order(1607310111207,54,ZoomPšáîÿ,10.5,10.5,3,1)
Order(1607310113208,54,ZoomPšáîÿ,10.5,10.5,3,1)
Order(1607310115209,54,ZoomPšáîÿ,10.5,10.5,3,1)
Order(1607310117210,54,ZoomPšáîÿ,10.5,10.5,3,1)
Order(1607310119211,54,ZoomPšáîÿ,10.5,10.5,3,1)
Order(1607310121212,54,ZoomPšáîÿ,10.5,10.5,3,1)
Order(1607310123213,54,ZoomPšáîÿ,10.5,10.5,3,1)
Order(1607310125214,54,ZoomPšáîÿ,10.5,10.5,3,1)
Order(1607310127215,54,ZoomPšáîÿ,10.5,10.5,3,1)
Order(1607310129216,54,ZoomPšáîÿ,10.5,10.5,3,1)
Order(1607310131217,54,ZoomPšáîÿ,10.5,10.5,3,1)
Order(1607310133218,54,ZoomPšáîÿ,10.5,10.5,3,1)
Order(1607310135219,54,ZoomPšáîÿ,10.5,10.5,3,1)
Order(1607310137220,54,ZoomPšáîÿ,10.5,10.5,3,1)
Order(1607310139221,54,ZoomPšáîÿ,10.5,10.5,3,1)
Order(1607310141222,54,ZoomPšáîÿ,10.5,10.5,3,1)
Order(1607310143223,54,ZoomPšáîÿ,10.5,10.5,3,1)
Order(1607310145224,54,ZoomPšáîÿ,10.5,10.5,3,1)
Order(1607310147224,54,ZoomPšáîÿ,10.5,10.5,3,1)
Order(1607310149225,54,ZoomPšáîÿ,10.5,10.5,3,1)
Order(1607310151226,54,ZoomPšáîÿ,10.5,10.5,3,1)
Order(1607310153227,54,ZoomPšáîÿ,10.5,10.5,3,1)
Order(1607310155228,54,ZoomPšáîÿ,10.5,10.5,3,1)
Order(1607310157229,54,ZoomPšáîÿ,10.5,10.5,3,1)
Order(1607310159230,54,ZoomPšáîÿ,10.5,10.5,3,1)
Order(1607310161231,54,ZoomPšáîÿ,10.5,10.5,3,1)
Order(1607310163232,54,ZoomPšáîÿ,10.5,10.5,3,1)
Order(1607310165233,54,ZoomPšáîÿ,10.5,10.5,3,1)
Order(1607310167234,54,ZoomPšáîÿ,10.5,10.5,3,1)
Order(1607310169235,54,ZoomPšáîÿ,10.5,10.5,3,1)
Order(1607310171236,54,ZoomPšáîÿ,10.5,10.5,3,1)
Order(1607310173237,54,ZoomPšáîÿ,10.5,10.5,3,1)
Order(1607310175238,54,ZoomPšáîÿ,10.5,10.5,3,1)
Order(1607310177239,54,ZoomPšáîÿ,10.5,10.5,3,1)
Order(1607310179240,54,ZoomPšáîÿ,10.5,10.5,3,1)
Order(1607310181241,54,ZoomPšáîÿ,10.5,10.5,3,1)
Order(1607310183242,54,ZoomPšáîÿ,10.5,10.5,3,1)
Order(1607310185243,54,ZoomPšáîÿ,10.5,10.5,3,1)
Order(1607310187244,54,ZoomPšáîÿ,10.5,10.5,3,1)
Order(1607310189245,54,ZoomPšáîÿ,10.5,10.5,3,1)
Order(1607310191246,54,ZoomPšáîÿ,10.5,10.5,3,1)
Order(1607310193247,54,ZoomPšáîÿ,10.5,10.5,3,1)
Order(1607310195248,54,ZoomPšáîÿ,10.5,10.5,3,1)
Order(1607310197249,54,ZoomPšáîÿ,10.5,10.5,3,1)
Order(1607310199250,54,ZoomPšáîÿ,10.5,10.5,3,1)
Order(1607310201251,54,ZoomPšáîÿ,10.5,10.5,3,1)
Order(1607310203252,54,ZoomPšáîÿ,10.5,10.5,3,1)
Order(1607310205253,54,ZoomPšáîÿ,10.5,10.5,3,1)
Order(1607310207254,54,ZoomPšáîÿ,10.5,10.5,3,1)
Order(1607310209255,54,ZoomPšáîÿ,10.5,10.5,3,1)
Order(1607310211256,54,ZoomPšáîÿ,10.5,10.5,3,1)
Order(1607310213257,54,ZoomPšáîÿ,10.5,10.5,3,1)
Order(1607310215258,54,ZoomPšáîÿ,10.5,10.5,3,1)
Order(1607310217259,54,ZoomPšáîÿ,10.5,10.5,3,1)
Order(1607310219260,54,ZoomPšáîÿ,10.5,10.5,3,1)
Order(1607310221261,54,ZoomPšáîÿ,10.5,10.5,3,1)
Order(1607310223262,54,ZoomPšáîÿ,10.5,10.5,3,1)
Order(1607310225263,54,ZoomPšáîÿ,10.5,10.5,3,1)
Order(1607310227264,54,ZoomPšáîÿ,10.5,10.5,3,1)
Order(1607310229265,54,ZoomPšáîÿ,10.5,10.5,3,1)
Order(1607310231266,54,ZoomPšáîÿ,10.5,10.5,3,1)
Order(1607310233267,54,ZoomPšáîÿ,10.5,10.5,3,1)
Order(1607310235268,54,ZoomPšáîÿ,10.5,10.5,3,1)
Order(1607310237269,54,ZoomPšáîÿ,10.5,10.5,3,1)
Order(1607310239270,54,ZoomPšáîÿ,10.5,10.5,3,1)
Order(1607310241271,54,ZoomPšáîÿ,10.5,10.5,3,1)
Order(1607310243272,54,ZoomPšáîÿ,10.5,10.5,3,1)
Order(1607310245273,54,ZoomPšáîÿ,10.5,10.5,3,1)
Order(1607310247274,54,ZoomPšáîÿ,10.5,10.5,3,1)
Order(1607310249275,54,ZoomPšáîÿ,10.5,10.5,3,1)
Order(1607310251276,54,ZoomPšáîÿ,10.5,10.5,3,1)
Order(1607310253277,54,ZoomPšáîÿ,10.5,10.5,3,1)
Order(1607310255278,54,ZoomPšáîÿ,10.5,10.5,3,1)
Order(1607310257279,54,ZoomPšáîÿ,10.5,10.5,3,1)
Order(1607310259280,54,ZoomPšáîÿ,10.5,10.5,3,1)
Order(1607310261281,54,ZoomPšáîÿ,10.5,10.5,3,1)
Order(1607310263282,54,ZoomPšáîÿ,10.5,10.5,3,1)
Order(1607310265283,54,ZoomPšáîÿ,10.5,10.5,3,1)
Order(1607310267284,54,ZoomPšáîÿ,10.5,10.5,3,1)
Order(1607310269285,54,ZoomPšáîÿ,10.5,10.5,3,1)
Order(1607310271286,54,ZoomPšáîÿ,10.5,10.5,3,1)
Order(1607310273287,54,ZoomPšáîÿ,10.5,10.5,3,1)
Order(1607310275288,54,ZoomPšáîÿ,10.5,10.5,3,1)
Order(1607310277289,54,ZoomPšáîÿ,10.5,10.5,3,1)
Order(1607310279290,54,ZoomPšáîÿ,10.5,10.5,3,1)
Order(1607310281291,54,ZoomPšáîÿ,10.5,10.5,3,1)
Order(1607310283292,54,ZoomPšáîÿ,10.5,10.5,3,1)
Order(1607310285293,54,ZoomPšáîÿ,10.5,10.5,3,1)
Order(1607310287294,54,ZoomPšáîÿ,10.5,10.5,3,1)
Order(1607310289295,54,ZoomPšáîÿ,10.5,10.5,3,1)
Order(1607310291296,54,ZoomPšáîÿ,10.5,10.5,3,1)
Order(1607310293297,54,ZoomPšáîÿ,10.5,10.5,3,1)
Order(1607310295298,54,ZoomPšáîÿ,10.5,10.5,3,1)
Order(1607310297299,54,ZoomPšáîÿ,10.5,10.5,3,1)
Order(1607310299300,54,ZoomPšáîÿ,10.5,10.5,3,1)
Order(1607310301301,54,ZoomPšáîÿ,10.5,10.5,3,1)
Order(1607310303302,54,ZoomPšáîÿ,10.5,10.5,3,1)
Order(1607310305303,54,ZoomPšáîÿ,10.5,10.5,3,1)
Order(1607310307304,54,ZoomPšáîÿ,10.5,10.5,3,1)
Order(1607310309305,54,ZoomPšáîÿ,10.5,10.5,3,1)
Order(1607310311306,54,ZoomPšáîÿ,10.5,10.5,3,1)
Order(1607310313307,54,ZoomPšáîÿ,10.5,10.5,3,1)
Order(1607310315308,54,ZoomPšáîÿ,10.5,10.5,3,1)
Order(1607310317309,54,ZoomPšáîÿ,10.5,10.5,3,1)
Order(1607310319310,54,ZoomPšáîÿ,10.5,10.5,3,1)
Order(1607310321311,54,ZoomPšáîÿ,10.5,10.5,3,1)
Order(1607310323312,54,ZoomPšáîÿ,10.5,10.5,3,1)
Order(1607310325313,54,ZoomPšáîÿ,10.5,10.5,3,1)
Order(1607310327314,54,ZoomPšáîÿ,10.5,10.5,3,1)
Order(1607310329315,54,ZoomPšáîÿ,10.5,10.5,3,1)
Order(1607310331316,54,ZoomPšáîÿ,10.5,10.5,3,1)
Order(1607310333317,54,ZoomPšáîÿ,10.5,10.5,3,1)
Order(1607310335318,54,ZoomPšáîÿ,10.5,10.5,3,1)
Order(1607310337319,54,ZoomPšáîÿ,10.5,10.5,3,1)
Order(1607310339320,54,ZoomPšáîÿ,10.5,10.5,3,1)
Order(1607310341321,54,ZoomPšáîÿ,10.5,10.5,3,1)
Order(1607310343322,54,ZoomPšáîÿ,10.5,10.5,3,1)
Order(1607310345323,54,ZoomPšáîÿ,10.5,10.5,3,1)
Order(1607310347324,54,ZoomPšáîÿ,10.5,10.5,3,1)
Order(1607310349325,54,ZoomPšáîÿ,10.5,10.5,3,1)
Order(1607310351326,54,ZoomPšáîÿ,10.5,10.5,3,1)
Order(1607310353327,54,ZoomPšáîÿ,10.5,10.5,3,1)
Order(1607310355328,54,ZoomPšáîÿ,10.5,10.5,3,1)
Order(1607310357329,54,ZoomPšáîÿ,10.5,10.5,3,1)
Order(1607310359330,54,ZoomPšáîÿ,10.5,10.5,3,1)
Order(1607310361331,54,ZoomPšáîÿ,10.5,10.5,3,1)
Order(1607310363332,54,ZoomPšáîÿ,10.5,10.5,3,1)
Order(1607310365333,54,ZoomPšáîÿ,10.5,10.5,3,1)
Order(1607310367334,54,ZoomPšáîÿ,10.5,10.5,3,1)
Order(1607310369335,54,ZoomPšáîÿ,10.5,10.5,3,1)
Order(1607310371336,54,ZoomPšáîÿ,10.5,10.5,3,1)
Order(1607310373337,54,ZoomPšáîÿ,10.5,10.5,3,1)
Order(1607310375338,54,ZoomPšáîÿ,10.5,10.5,3,1)
Order(1607310377339,54,ZoomPšáîÿ,10.5,10.5,3,1)
Order(1607310379340,54,ZoomPšáîÿ,10.5,10.5,3,1)
Order(1607310381341,54,ZoomPšáîÿ,10.5,10.5,3,1)
Order(1607310383342,54,ZoomPšáîÿ,10.5,10.5,3,1)
Order(1607310385343,54,ZoomPšáîÿ,10.5,10.5,3,1)
Order(1607310387344,54,ZoomPšáîÿ,10.5,10.5,3,1)
Order(1607310389345,54,ZoomPšáîÿ,10.5,10.5,3,1)
Order(1607310391346,54,ZoomPšáîÿ,10.5,10.5,3,1)
Order(1607310393347,54,ZoomPšáîÿ,10.5,10.5,3,1)
Order(1607310395348,54,ZoomPšáîÿ,10.5,10.5,3,1)
Order(1607310397349,54,ZoomPšáîÿ,10.5,10.5,3,1)
Order(1607310399350,54,ZoomPšáîÿ,10.5,10.5,3,1)
Order(1607310401351,54,ZoomPšáîÿ,10.5,10.5,3,1)
Order(1607310403352,54,ZoomPšáîÿ,10.5,10.5,3,1)
Order(1607310405353,54,ZoomPšáîÿ,10.5,10.5,3,1)
Order(1607310407354,54,ZoomPšáîÿ,10.5,10.5,3,1)
Order(1607310409355,54,ZoomPšáîÿ,10.5,10.5,3,1)
Order(1607310411356,54,ZoomPšáîÿ,10.5,10.5,3,1)
Order(1607310413357,54,ZoomPšáîÿ,10.5,10.5,3,1)
Order(1607310415358,54,ZoomPšáîÿ,10.5,10.5,3,1)
Order(1607310417359,54,ZoomPšáîÿ,10.5,10.5,3,1)
Order(1607310419360,54,ZoomPšáîÿ,10.5,10.5,3,1)
Order(1607310421361,54,ZoomPšáîÿ,10.5,10.5,3,1)
Order(1607310423362,54,ZoomPšáîÿ,10.5,10.5,3,1)
Order(1607310425363,54,ZoomPšáîÿ,10.5,10.5,3,1)
Order(1607310427364,54,ZoomPšáîÿ,10.5,10.5,3,1)
Order(1607310429365,54,ZoomPšáîÿ,10.5,10.5,3,1)
Order(1607310431366,54,ZoomPšáîÿ,10.5,10.5,3,1)
Order(1607310433367,54,ZoomPšáîÿ,10.5,10.5,3,1)
Order(1607310435368,54,ZoomPšáîÿ,10.5,10.5,3,1)
Order(1607310437369,54,ZoomPšáîÿ,10.5,10.5,3,1)
Order(1607310439370,54,ZoomPšáîÿ,10.5,10.5,3,1)
Order(1607310441371,54,ZoomPšáîÿ,10.5,10.5,3,1)
Order(1607310443372,54,ZoomPšáîÿ,10.5,10.5,3,1)
Order(1607310445373,54,ZoomPšáîÿ,10.5,10.5,3,1)
Order(1607310447374,54,ZoomPšáîÿ,10.5,10.5,3,1)
Order(1607310449375,54,ZoomPšáîÿ,10.5,10.5,3,1)
Order(1607310451376,54,ZoomPšáîÿ,10.5,10.5,3,1)
Order(1607310453377,54,ZoomPšáîÿ,10.5,10.5,3,1)
Order(1607310455378,54,ZoomPšáîÿ,10.5,10.5,3,1)
Order(1607310457379,54,ZoomPšáîÿ,10.5,10.5,3,1)
Order(1607310459380,54,ZoomPšáîÿ,10.5,10.5,3,1)
Order(1607310461381,54,ZoomPšáîÿ,10.5,10.5,3,1)
Order(1607310463382,54,ZoomPšáîÿ,10.5,10.5,3,1)
Order(1607310465383,54,ZoomPšáîÿ,10.5,10.5,3,1)
Order(1607310467384,54,ZoomPšáîÿ,10.5,10.5,3,1)
Order(1607310469385,54,ZoomPšáîÿ,10.5,10.5,3,1)
Order(1607310471386,54,ZoomPšáîÿ,10.5,10.5,3,1)
Order(1607310473387,54,ZoomPšáîÿ,10.5,10.5,3,1)
Order(1607310475388,54,ZoomPšáîÿ,10.5,10.5,3,1)
Order(1607310477389,54,ZoomPšáîÿ,10.5,10.5,3,1)
Order(1607310479390,54,ZoomPšáîÿ,10.5,10.5,3,1)
Order(1607310481391,54,ZoomPšáîÿ,10.5,10.5,3,1)
Order(1607310483392,54,ZoomPšáîÿ,10.5,10.5,3,1)
Order(1607310485393,54,ZoomPšáîÿ,10.5,10.5,3,1)
Order(1607310487394,54,ZoomPšáîÿ,10.5,10.5,3,1)
Order(1607310489395,54,ZoomPšáîÿ,10.5,10.5,3,1)
Order(1607310491396,54,ZoomPšáîÿ,10.5,10.5,3,1)
Order(1607310493397,54,ZoomPšáîÿ,10.5,10.5,3,1)
Order(1607310495398,54,ZoomPšáîÿ,10.5,10.5,3,1)
Order(1607310497399,54,ZoomPšáîÿ,10.5,10.5,3,1)
Order(1607310499400,54,ZoomPšáîÿ,10.5,10.5,3,1)
Order(1607310501401,54,ZoomPšáîÿ,10.5,10.5,3,1)
Order(1607310503402,54,ZoomPšáîÿ,10.5,10.5,3,1)
Order(1607310505403,54,ZoomPšáîÿ,10.5,10.5,3,1)
Order(1607310507404,54,ZoomPšáîÿ,10.5,10.5,3,1)
Order(1607310509405,54,ZoomPšáîÿ,10.5,10.5,3,1)
Order(1607310511406,54,ZoomPšáîÿ,10.5,10.5,3,1)
Order(1607310513407,54,ZoomPšáîÿ,10.5,10.5,3,1)
Order(1607310515408,54,ZoomPšáîÿ,10.5,10.5,3,1)
Order(1607310517409,54,ZoomPšáîÿ,10.5,10.5,3,1)
Order(1607310519410,54,ZoomPšáîÿ,10.5,10.5,3,1)
Order(1607310521411,54,ZoomPšáîÿ,10.5,10.5,3,1)
Order(1607310523411,54,ZoomPšáîÿ,10.5,10.5,3,1)
Order(1607310525412,54,ZoomPšáîÿ,10.5,10.5,3,1)
Order(1607310527413,54,ZoomPšáîÿ,10.5,10.5,3,1)
Order(1607310529414,54,ZoomPšáîÿ,10.5,10.5,3,1)
Order(1607310531415,54,ZoomPšáîÿ,10.5,10.5,3,1)
Order(1607310533416,54,ZoomPšáîÿ,10.5,10.5,3,1)
Order(1607310535417,54,ZoomPšáîÿ,10.5,10.5,3,1)
Order(1607310537418,54,ZoomPšáîÿ,10.5,10.5,3,1)
Order(1607310539419,54,ZoomPšáîÿ,10.5,10.5,3,1)
Order(1607310541420,54,ZoomPšáîÿ,10.5,10.5,3,1)
Order(1607310543421,54,ZoomPšáîÿ,10.5,10.5,3,1)
Order(1607310545422,54,ZoomPšáîÿ,10.5,10.5,3,1)
Order(1607310547423,54,ZoomPšáîÿ,10.5,10.5,3,1)
Order(1607310549424,54,ZoomPšáîÿ,10.5,10.5,3,1)
Order(1607310551425,54,ZoomPšáîÿ,10.5,10.5,3,1)
Order(1607310553426,54,ZoomPšáîÿ,10.5,10.5,3,1)
Order(1607310555427,54,ZoomPšáîÿ,10.5,10.5,3,1)
Order(1607310557428,54,ZoomPšáîÿ,10.5,10.5,3,1)
Order(1607310559429,54,ZoomPšáîÿ,10.5,10.5,3,1)
Order(1607310561430,54,ZoomPšáîÿ,10.5,10.5,3,1)
Order(1607310563431,54,ZoomPšáîÿ,10.5,10.5,3,1)
Order(1607310565432,54,ZoomPšáîÿ,10.5,10.5,3,1)
Order(1607310567433,54,ZoomPšáîÿ,10.5,10.5,3,1)
Order(1607310569434,54,ZoomPšáîÿ,10.5,10.5,3,1)
Order(1607310571435,54,ZoomPšáîÿ,10.5,10.5,3,1)
Order(1607310573436,54,ZoomPšáîÿ,10.5,10.5,3,1)
Order(1607310575437,54,ZoomPšáîÿ,10.5,10.5,3,1)
Order(1607310577438,54,ZoomPšáîÿ,10.5,10.5,3,1)
Order(1607310579439,54,ZoomPšáîÿ,10.5,10.5,3,1)
Order(1607310581440,54,ZoomPšáîÿ,10.5,10.5,3,1)
Order(1607310583441,54,ZoomPšáîÿ,10.5,10.5,3,1)
Order(1607310585442,54,ZoomPšáîÿ,10.5,10.5,3,1)
Order(1607310587443,54,ZoomPšáîÿ,10.5,10.5,3,1)
Order(1607310589444,54,ZoomPšáîÿ,10.5,10.5,3,1)
Order(1607310591445,54,ZoomPšáîÿ,10.5,10.5,3,1)
Order(1607310593446,54,ZoomPšáîÿ,10.5,10.5,3,1)
Order(1607310595447,54,ZoomPšáîÿ,10.5,10.5,3,1)
Order(1607310597448,54,ZoomPšáîÿ,10.5,10.5,3,1)
Order(1607310599449,54,ZoomPšáîÿ,10.5,10.5,3,1)
Order(1607310601450,54,ZoomPšáîÿ,10.5,10.5,3,1)
Order(1607310603451,54,ZoomPšáîÿ,10.5,10.5,3,1)
Order(1607310605452,54,ZoomPšáîÿ,10.5,10.5,3,1)
Order(1607310607453,54,ZoomPšáîÿ,10.5,10.5,3,1)
Order(1607310609454,54,ZoomPšáîÿ,10.5,10.5,3,1)
Order(1607310611455,54,ZoomPšáîÿ,10.5,10.5,3,1)
Order(1607310613456,54,ZoomPšáîÿ,10.5,10.5,3,1)
Order(1607310615457,54,ZoomPšáîÿ,10.5,10.5,3,1)
Order(1607310617458,54,ZoomPšáîÿ,10.5,10.5,3,1)
Order(1607310619459,54,ZoomPšáîÿ,10.5,10.5,3,1)
Order(1607310621460,54,ZoomPšáîÿ,10.5,10.5,3,1)
Order(1607310623461,54,ZoomPšáîÿ,10.5,10.5,3,1)
Order(1607310625462,54,ZoomPšáîÿ,10.5,10.5,3,1)
Order(1607310627463,54,ZoomPšáîÿ,10.5,10.5,3,1)
Order(1607310629464,54,ZoomPšáîÿ,10.5,10.5,3,1)
Order(1607310631465,54,ZoomPšáîÿ,10.5,10.5,3,1)
Order(1607310633466,54,ZoomPšáîÿ,10.5,10.5,3,1)
Order(1607310635467,54,ZoomPšáîÿ,10.5,10.5,3,1)
Order(1607310637468,54,ZoomPšáîÿ,10.5,10.5,3,1)
Order(1607310639469,54,ZoomPšáîÿ,10.5,10.5,3,1)
Order(1607310641470,54,ZoomPšáîÿ,10.5,10.5,3,1)
Order(1607310643471,54,ZoomPšáîÿ,10.5,10.5,3,1)
Order(1607310645472,54,ZoomPšáîÿ,10.5,10.5,3,1)
Order(1607310647473,54,ZoomPšáîÿ,10.5,10.5,3,1)
Order(1607310649474,54,ZoomPšáîÿ,10.5,10.5,3,1)
Order(1607310651475,54,ZoomPšáîÿ,10.5,10.5,3,1)
Order(1607310653476,54,ZoomPšáîÿ,10.5,10.5,3,1)
Order(1607310655477,54,ZoomPšáîÿ,10.5,10.5,3,1)
Order(1607310657478,54,ZoomPšáîÿ,10.5,10.5,3,1)
Order(1607310659479,54,ZoomPšáîÿ,10.5,10.5,3,1)
Order(1607310661480,54,ZoomPšáîÿ,10.5,10.5,3,1)
Order(1607310663481,54,ZoomPšáîÿ,10.5,10.5,3,1)
Order(1607310665482,54,ZoomPšáîÿ,10.5,10.5,3,1)
Order(1607310667483,54,ZoomPšáîÿ,10.5,10.5,3,1)
Order(1607310669484,54,ZoomPšáîÿ,10.5,10.5,3,1)
Order(1607310671485,54,ZoomPšáîÿ,10.5,10.5,3,1)
Order(1607310673486,54,ZoomPšáîÿ,10.5,10.5,3,1)
Order(1607310675487,54,ZoomPšáîÿ,10.5,10.5,3,1)
Order(1607310677488,54,ZoomPšáîÿ,10.5,10.5,3,1)
Order(1607310679489,54,ZoomPšáîÿ,10.5,10.5,3,1)
Order(1607310681490,54,ZoomPšáîÿ,10.5,10.5,3,1)
Order(1607310683491,54,ZoomPšáîÿ,10.5,10.5,3,1)
Order(1607310685492,54,ZoomPšáîÿ,10.5,10.5,3,1)
Order(1607310687493,54,ZoomPšáîÿ,10.5,10.5,3,1)
Order(1607310689494,54,ZoomPšáîÿ,10.5,10.5,3,1)
Order(1607310691495,54,ZoomPšáîÿ,10.5,10.5,3,1)
Order(1607310693496,54,ZoomPšáîÿ,10.5,10.5,3,1)
Order(1607310695497,54,ZoomPšáîÿ,10.5,10.5,3,1)
Order(1607310697498,54,ZoomPšáîÿ,10.5,10.5,3,1)
Order(1607310699499,54,ZoomPšáîÿ,10.5,10.5,3,1)
Order(1607310701500,54,ZoomPšáîÿ,10.5,10.5,3,1)
Order(1607310703501,54,ZoomPšáîÿ,10.5,10.5,3,1)
Order(1607310705502,54,ZoomPšáîÿ,10.5,10.5,3,1)
Order(1607310707503,54,ZoomPšáîÿ,10.5,10.5,3,1)
Order(1607310709504,54,ZoomPšáîÿ,10.5,10.5,3,1)
Order(1607310711505,54,ZoomPšáîÿ,10.5,10.5,3,1)
Order(1607310713506,54,ZoomPšáîÿ,10.5,10.5,3,1)
Order(1607310715507,54,ZoomPšáîÿ,10.5,10.5,3,1)
Order(1607310717508,54,ZoomPšáîÿ,10.5,10.5,3,1)
Order(1607310719509,54,ZoomPšáîÿ,10.5,10.5,3,1)
Order(1607310721510,54,ZoomPšáîÿ,10.5,10.5,3,1)
Order(1607310723511,54,ZoomPšáîÿ,10.5,10.5,3,1)
Order(1607310725512,54,ZoomPšáîÿ,10.5,10.5,3,1)
Order(1607310727513,54,ZoomPšáîÿ,10.5,10.5,3,1)
Order(1607310729514,54,ZoomPšáîÿ,10.5,10.5,3,1)
Order(1607310731515,54,ZoomPšáîÿ,10.5,10.5,3,1)
Order(1607310733516,54,ZoomPšáîÿ,10.5,10.5,3,1)
Order(1607310735517,54,ZoomPšáîÿ,10.5,10.5,3,1)
Order(1607310737518,54,ZoomPšáîÿ,10.5,10.5,3,1)
Order(1607310739519,54,ZoomPšáîÿ,10.5,10.5,3,1)
Order(1607310741520,54,ZoomPšáîÿ,10.5,10.5,3,1)
Order(1607310743521,54,ZoomPšáîÿ,10.5,10.5,3,1)
Order(1607310745522,54,ZoomPšáîÿ,10.5,10.5,3,1)
Order(1607310747523,54,ZoomPšáîÿ,10.5,10.5,3,1)
Order(1607310749524,54,ZoomPšáîÿ,10.5,10.5,3,1)
Order(1607310751525,54,ZoomPšáîÿ,10.5,10.5,3,1)
Order(1607310753526,54,ZoomPšáîÿ,10.5,10.5,3,1)
Order(1607310755527,54,ZoomPšáîÿ,10.5,10.5,3,1)
Order(1607310757528,54,ZoomPšáîÿ,10.5,10.5,3,1)
Order(1607310759529,54,ZoomPšáîÿ,10.5,10.5,3,1)
Order(1607310761530,54,ZoomPšáîÿ,10.5,10.5,3,1)
Order(1607310763531,54,ZoomPšáîÿ,10.5,10.5,3,1)
Order(1607310765532,54,ZoomPšáîÿ,10.5,10.5,3,1)
Order(1607310767533,54,ZoomPšáîÿ,10.5,10.5,3,1)
Order(1607310769534,54,ZoomPšáîÿ,10.5,10.5,3,1)
Order(1607310771535,54,ZoomPšáîÿ,10.5,10.5,3,1)
Order(1607310773536,54,ZoomPšáîÿ,10.5,10.5,3,1)
Order(1607310775536,54,ZoomPšáîÿ,10.5,10.5,3,1)
Order(1607310777537,54,ZoomPšáîÿ,10.5,10.5,3,1)
Order(1607310779538,54,ZoomPšáîÿ,10.5,10.5,3,1)
Order(1607310781539,54,ZoomPšáîÿ,10.5,10.5,3,1)
Order(1607310783540,54,ZoomPšáîÿ,10.5,10.5,3,1)
Order(1607310785541,54,ZoomPšáîÿ,10.5,10.5,3,1)
Order(1607310787542,54,ZoomPšáîÿ,10.5,10.5,3,1)
Order(1607310789543,54,ZoomPšáîÿ,10.5,10.5,3,1)
Order(1607310791544,54,ZoomPšáîÿ,10.5,10.5,3,1)
Order(1607310793545,54,ZoomPšáîÿ,10.5,10.5,3,1)
Order(1607310795546,54,ZoomPšáîÿ,10.5,10.5,3,1)
Order(1607310797547,54,ZoomPšáîÿ,10.5,10.5,3,1)
Order(1607310799548,54,ZoomPšáîÿ,10.5,10.5,3,1)
Order(1607310801549,54,ZoomPšáîÿ,10.5,10.5,3,1)
Order(1607310803550,54,ZoomPšáîÿ,10.5,10.5,3,1)
Order(1607310805551,54,ZoomPšáîÿ,10.5,10.5,3,1)
Order(1607310807552,54,ZoomPšáîÿ,10.5,10.5,3,1)
Order(1607310809553,54,ZoomPšáîÿ,10.5,10.5,3,1)
Order(1607310811554,54,ZoomPšáîÿ,10.5,10.5,3,1)
Order(1607310813555,54,ZoomPšáîÿ,10.5,10.5,3,1)
Order(1607310815556,54,ZoomPšáîÿ,10.5,10.5,3,1)
Order(1607310817557,54,ZoomPšáîÿ,10.5,10.5,3,1)
Order(1607310819558,54,ZoomPšáîÿ,10.5,10.5,3,1)
Order(1607310821559,54,ZoomPšáîÿ,10.5,10.5,3,1)
Order(1607310823560,54,ZoomPšáîÿ,10.5,10.5,3,1)
Order(1607310825561,54,ZoomPšáîÿ,10.5,10.5,3,1)
Order(1607310827562,54,ZoomPšáîÿ,10.5,10.5,3,1)
Order(1607310829563,54,ZoomPšáîÿ,10.5,10.5,3,1)
Order(1607310831564,54,ZoomPšáîÿ,10.5,10.5,3,1)
Order(1607310833565,54,ZoomPšáîÿ,10.5,10.5,3,1)
Order(1607310835566,54,ZoomPšáîÿ,10.5,10.5,3,1)
Order(1607310837567,54,ZoomPšáîÿ,10.5,10.5,3,1)
Order(1607310839569,54,ZoomPšáîÿ,10.5,10.5,3,1)
Order(1607310841569,54,ZoomPšáîÿ,10.5,10.5,3,1)
Order(1607310843570,54,ZoomPšáîÿ,10.5,10.5,3,1)
Order(1607310845571,54,ZoomPšáîÿ,10.5,10.5,3,1)
Order(1607310847572,54,ZoomPšáîÿ,10.5,10.5,3,1)
Order(1607310849573,54,ZoomPšáîÿ,10.5,10.5,3,1)
Order(1607310851574,54,ZoomPšáîÿ,10.5,10.5,3,1)
Order(1607310853575,54,ZoomPšáîÿ,10.5,10.5,3,1)
Order(1607310855576,54,ZoomPšáîÿ,10.5,10.5,3,1)
Order(1607310857577,54,ZoomPšáîÿ,10.5,10.5,3,1)
Or